45168138
39200864
15639771
47250952
19680141
43356763
30705068
46249921
44096249
33978316
38434780
35041980
56610549
29752021
58087373
22672986
36587321
29553279
983934
52575
47911
34535
41357
24699
43968
62071
62842
57760
31993
41019
72544
41886
26736
77693
54653
65195
54503
77231
32071
76048
54643
43511
30998
206709
289654
64018
187929
212227
184609
499572
114640
115005
180352
186534
488163
105124
59906
33755
130957
41556
60563
35362
159566
343479
36103
99334
35481
36066
66476
53293
56204
117885
358916
221387
210429
33176
119515
995245
19902
134495
39941
37623
17454
300443
71495
105565
27934
121926
214781
34680
115693
39581
94908
208542
41727
50296
82444
49168
42526
28803
48491
22211
28224
57143
44436
22985
56282
30245
32871
33443
34082
39307
44082
34022
22988
52029
34184
56551
34349
69959
32395
57316
45948
34292
39808
24403
22219
33410
40792
72910
52007
28332
21294
50392
62193
55851
50714
48883
32548
56635
145185
31748
49910
62318
41454
21990
43283
49328
44290
35408
44999
43088
38347
27633
24293
21987
12702
34436
44254
45624
35642
32063
31341
44417
34125
34063
58524
51619
16980
48364
50431
44763
46314
43012
44029
37470
41571
50166
38452
31471
28783
72582
38265
47250
57363
21302
30350
56969
56833
28480
53784
51040
27709
58486
61589
34197
28761
38737
61694
52844
36621
42668
39274
24227
32969
43292
26502
54248
45586
21777
45427
30018
34407
30330
34782
37614
27158
61893
24880
35991
40198
46666
39380
68559
34380
58621
39007
53117
38086
32871
45664
97002
20932
11063
25265
26332
30938
52431
39679
22526
46499
32042
34047
55551
34737
45732
40147
76622
42457
25969
21339
41935
23823
32669
26632
44338
56616
54334
38497
49432
32827
108881
53878
35612
33576
57577
26553
